(base) ➜  bsc-thesis git:(master) ✗ ~/anaconda3/bin/python ./src/train.py
xgboost_cache_fold_train_times = {
  './cache_35x70': [ 0.84, 0.87, 0.95, 0.84, 0.90, 0.87, 0.83, 0.82, 0.85, 0.83 ],
  './cache_50x100': [ 0.82, 0.83, 0.82, 0.85, 0.84, 0.83, 0.82, 0.84, 0.81, 0.81 ],
  './cache_70x140': [ 0.83, 0.82, 0.85, 0.83, 0.82, 0.84, 0.94, 0.93, 0.92, 0.87 ],
  './cache_100x200': [ 0.83, 0.82, 0.88, 0.89, 0.86, 0.94, 0.84, 0.91, 0.85, 0.86 ],
  './cache_140x280': [ 0.88, 0.90, 0.83, 0.83, 0.87, 0.87, 0.86, 0.89, 0.87, 0.83 ],
  './cache_175x350': [ 0.87, 0.82, 0.83, 0.81, 0.81, 0.84, 0.84, 0.81, 0.82, 0.82 ],
  './cache_350x700': [ 0.97, 0.84, 0.86, 0.84, 0.84, 0.83, 0.86, 0.84, 0.84, 0.83 ],
  './cache_525x1050': [ 0.85, 0.90, 0.84, 0.89, 0.82, 0.83, 0.86, 0.84, 0.83, 0.82 ]
}